Party,N. repr.,A,N,0,Z,M,Meeting,Proposal
ANO,78,39,0,0,0,39,40,62
ODS,23,12,0,0,0,11,40,62
Piráti,22,11,0,0,0,11,40,62
SPD,19,10,0,0,0,9,40,62
ČSSD,14,6,0,0,0,8,40,62
KSČM,15,8,0,0,0,7,40,62
KDU-ČSL,10,5,0,0,0,5,40,62
TOP09,7,3,0,0,0,4,40,62
STAN,6,2,0,0,0,4,40,62
Nezařaz,6,3,0,0,0,3,40,62
Celkem,200,99,0,0,0,101,40,62
